0.1	0.2371	0.2776	0.5743
0.2	0.147	0.1796	0.5495
0.3	0.1101	0.1385	0.53525
0.4	0.08565	0.11415	0.52615
0.5	0.06585	0.07675	0.51955
0.6	0.05035	0.05025	0.51605
0.7	0.04465	0.03985	0.51505
0.8	0.03665	0.0273	0.5142
0.9	0.0349	0.0231	0.5142
1.0	0.0324	0	0.5142


\addplot[green, mark=*] plot coordinates{ 
( 0.1,  0.2371) 
( 0.2,  0.147) 
( 0.3,  0.1101) 
( 0.4,  0.08565) 
( 0.5,  0.06585) 
( 0.6,  0.05035) 
( 0.7,  0.04465) 
( 0.8,  0.03665) 
( 0.9,  0.0349) 
( 1.0,  0.0324) 
}; 
\addplot[blue, mark=square*] plot coordinates{ 
( 0.1,  0.2776) 
( 0.2,  0.1796) 
( 0.3,  0.1385) 
( 0.4,  0.11415) 
( 0.5,  0.07675) 
( 0.6,  0.05025) 
( 0.7,  0.03985) 
( 0.8,  0.0273) 
( 0.9,  0.0231) 
( 1.0,  0) 
}; 
\addplot[orange, mark=o] plot coordinates{ 
( 0.1,  0.5743) 
( 0.2,  0.5495) 
( 0.3,  0.53525) 
( 0.4,  0.52615) 
( 0.5,  0.51955) 
( 0.6,  0.51605) 
( 0.7,  0.51505) 
( 0.8,  0.5142) 
( 0.9,  0.5142) 
( 1.0,  0.5142) 
}; 


\addplot[green, mark=*] plot coordinates{ 
( 0.1,  0.45665) 
( 0.2,  0.42035) 
( 0.3,  0.38555) 
( 0.4,  0.35625) 
( 0.5,  0.32925) 
( 0.6,  0.30635) 
( 0.7,  0.2832) 
( 0.8,  0.26315) 
( 0.9,  0.24135) 
( 1.0,  0.22435) 
}; 
\addplot[blue, mark=square*] plot coordinates{ 
( 0.1,  0.56475) 
( 0.2,  0.52205) 
( 0.3,  0.4799) 
( 0.4,  0.4414) 
( 0.5,  0.40455) 
( 0.6,  0.3709) 
( 0.7,  0.3416) 
( 0.8,  0.3122) 
( 0.9,  0.2809) 
( 1.0,  0.25495) 
}; 
\addplot[orange, mark=o] plot coordinates{ 
( 0.1,  0.91315) 
( 0.2,  0.8838) 
( 0.3,  0.85745) 
( 0.4,  0.8336) 
( 0.5,  0.80545) 
( 0.6,  0.77975) 
( 0.7,  0.7533) 
( 0.8,  0.7266) 
( 0.9,  0.70075) 
( 1.0,  0.67905) 
}; 

0.1	0.45665	0.56475	0.91315
0.2	0.42035	0.52205	0.8838
0.3	0.38555	0.4799	0.85745
0.4	0.35625	0.4414	0.8336
0.5	0.32925	0.40455	0.80545
0.6	0.30635	0.3709	0.77975
0.7	0.2832	0.3416	0.7533
0.8	0.26315	0.3122	0.7266
0.9	0.24135	0.2809	0.70075
1.0	0.22435	0.25495	0.67905


